4.046E+00	1.331403	5.067E-03
4.102E+00	1.328504	5.621E-03
4.150E+00	1.326183	6.220E-03
4.198E+00	1.323997	6.883E-03
4.246E+00	1.321906	7.600E-03
4.295E+00	1.319948	8.449E-03
4.345E+00	1.318113	9.307E-03
4.395E+00	1.316398	1.030E-02
4.446E+00	1.314920	1.140E-02
4.498E+00	1.313587	1.238E-02
4.550E+00	1.312483	1.361E-02
4.603E+00	1.311785	1.472E-02
4.645E+00	1.311588	1.548E-02
4.699E+00	1.311451	1.570E-02
4.753E+00	1.311148	1.552E-02
4.797E+00	1.310657	1.499E-02
4.853E+00	1.309721	1.441E-02
4.898E+00	1.308720	1.370E-02
4.955E+00	1.307228	1.312E-02
5.000E+00	1.305885	1.241E-02
5.047E+00	1.304258	1.180E-02
5.105E+00	1.301965	1.111E-02
5.152E+00	1.299910	1.061E-02
5.200E+00	1.297550	1.011E-02
5.248E+00	1.294933	9.904E-03
5.297E+00	1.292117	9.790E-03
5.346E+00	1.289015	9.881E-03
5.395E+00	1.285729	1.030E-02
5.445E+00	1.282194	1.078E-02
5.495E+00	1.278291	1.158E-02
5.546E+00	1.273883	1.258E-02
5.598E+00	1.268802	1.418E-02
5.649E+00	1.262994	1.659E-02
5.702E+00	1.256584	2.031E-02
5.754E+00	1.248370	2.482E-02
5.794E+00	1.242239	3.295E-02
5.848E+00	1.234896	4.323E-02
5.902E+00	1.229289	6.220E-02
5.957E+00	1.231892	8.646E-02
5.998E+00	1.242862	1.069E-01
6.053E+00	1.268459	1.250E-01
6.095E+00	1.295314	1.309E-01
6.152E+00	1.330121	1.172E-01
6.194E+00	1.341605	8.786E-02
6.252E+00	1.339863	6.947E-02
6.295E+00	1.335754	5.699E-02
6.353E+00	1.329242	4.952E-02
6.397E+00	1.325038	4.485E-02
6.457E+00	1.320468	4.176E-02
6.501E+00	1.317726	3.925E-02
6.546E+00	1.314837	3.731E-02
6.607E+00	1.311404	3.563E-02
6.653E+00	1.309021	3.450E-02
6.699E+00	1.306716	3.371E-02
6.745E+00	1.304521	3.310E-02
6.808E+00	1.301901	3.272E-02
6.855E+00	1.300125	3.242E-02
6.902E+00	1.298382	3.220E-02
6.950E+00	1.296751	3.212E-02
6.998E+00	1.295193	3.197E-02
7.047E+00	1.293609	3.190E-02
7.096E+00	1.292093	3.197E-02
7.145E+00	1.290696	3.205E-02
7.194E+00	1.289296	3.205E-02
7.244E+00	1.287944	3.220E-02
7.295E+00	1.286624	3.220E-02
7.345E+00	1.285242	3.227E-02
7.396E+00	1.283912	3.242E-02
7.447E+00	1.282606	3.249E-02
7.499E+00	1.281248	3.257E-02
7.551E+00	1.279895	3.272E-02
7.603E+00	1.278508	3.279E-02
7.656E+00	1.277123	3.302E-02
7.691E+00	1.276220	3.310E-02
7.745E+00	1.274794	3.325E-02
7.798E+00	1.273363	3.348E-02
7.852E+00	1.271952	3.371E-02
7.907E+00	1.270543	3.395E-02
7.943E+00	1.269613	3.410E-02
7.998E+00	1.268163	3.426E-02
8.054E+00	1.266657	3.450E-02
8.091E+00	1.265652	3.466E-02
8.147E+00	1.264125	3.490E-02
8.204E+00	1.262564	3.514E-02
8.241E+00	1.261488	3.530E-02
8.299E+00	1.259903	3.563E-02
8.356E+00	1.258240	3.579E-02
8.395E+00	1.257072	3.604E-02
8.453E+00	1.255384	3.637E-02
8.492E+00	1.254220	3.654E-02
8.551E+00	1.252405	3.688E-02
8.590E+00	1.251193	3.714E-02
8.650E+00	1.249353	3.748E-02
8.710E+00	1.247433	3.783E-02
8.750E+00	1.246095	3.809E-02
8.790E+00	1.244791	3.844E-02
8.851E+00	1.242789	3.880E-02
8.892E+00	1.241424	3.916E-02
8.954E+00	1.239322	3.952E-02
8.995E+00	1.237862	3.988E-02
9.057E+00	1.235657	4.035E-02
9.099E+00	1.234142	4.072E-02
9.141E+00	1.232659	4.110E-02
9.204E+00	1.230259	4.148E-02
9.247E+00	1.228589	4.196E-02
9.290E+00	1.226967	4.234E-02
9.354E+00	1.224439	4.293E-02
9.397E+00	1.222699	4.333E-02
9.441E+00	1.220909	4.373E-02
9.506E+00	1.218113	4.434E-02
9.550E+00	1.216115	4.475E-02
9.594E+00	1.214136	4.537E-02
9.661E+00	1.211068	4.600E-02
9.705E+00	1.208909	4.664E-02
9.750E+00	1.206729	4.718E-02
9.795E+00	1.204471	4.784E-02
9.840E+00	1.202228	4.851E-02
9.908E+00	1.198600	4.929E-02
9.954E+00	1.195932	4.998E-02
1.000E+01	1.193164	5.079E-02
1.005E+01	1.190334	5.174E-02
1.009E+01	1.187365	5.270E-02
1.014E+01	1.183900	5.380E-02
1.021E+01	1.180893	5.805E-02
1.026E+01	1.178360	5.634E-02
1.030E+01	1.174182	5.845E-02
1.035E+01	1.170827	5.995E-02
1.040E+01	1.167354	6.191E-02
1.045E+01	1.163960	6.394E-02
1.050E+01	1.160584	6.619E-02
1.054E+01	1.157248	6.852E-02
1.059E+01	1.153843	7.092E-02
1.064E+01	1.150368	7.359E-02
1.069E+01	1.146959	7.652E-02
1.074E+01	1.143601	7.958E-02
1.079E+01	1.140345	8.294E-02
1.084E+01	1.137372	8.646E-02
1.089E+01	1.134419	8.970E-02
1.094E+01	1.131445	9.328E-02
1.099E+01	1.128640	9.678E-02
1.104E+01	1.125466	9.995E-02
1.109E+01	1.122010	1.039E-01
1.114E+01	1.118841	1.083E-01
1.119E+01	1.116059	1.129E-01
1.125E+01	1.113289	1.172E-01
1.130E+01	1.110334	1.218E-01
1.135E+01	1.107674	1.270E-01
1.140E+01	1.105361	1.321E-01
1.146E+01	1.103057	1.370E-01
1.151E+01	1.100705	1.422E-01
1.156E+01	1.097503	1.472E-01
1.159E+01	1.096584	1.520E-01
1.164E+01	1.096068	1.570E-01
1.169E+01	1.094339	1.621E-01
1.175E+01	1.092339	1.678E-01
1.180E+01	1.090622	1.741E-01
1.186E+01	1.089062	1.802E-01
1.191E+01	1.086474	1.865E-01
1.194E+01	1.086163	1.927E-01
1.199E+01	1.087480	1.990E-01
1.205E+01	1.087926	2.055E-01
1.211E+01	1.087993	2.112E-01
1.216E+01	1.086723	2.177E-01
1.219E+01	1.087212	2.238E-01
1.225E+01	1.089721	2.295E-01
1.230E+01	1.090913	2.359E-01
1.236E+01	1.091270	2.420E-01
1.239E+01	1.092375	2.476E-01
1.245E+01	1.095643	2.528E-01
1.250E+01	1.098011	2.593E-01
1.256E+01	1.099603	2.641E-01
1.259E+01	1.100816	2.690E-01
1.265E+01	1.104624	2.740E-01
1.271E+01	1.107403	2.791E-01
1.276E+01	1.108999	2.837E-01
1.279E+01	1.110319	2.883E-01
1.285E+01	1.114243	2.929E-01
1.291E+01	1.116753	2.977E-01
1.294E+01	1.118262	3.012E-01
1.300E+01	1.122067	3.060E-01
1.306E+01	1.124841	3.103E-01
1.309E+01	1.126485	3.139E-01
1.315E+01	1.130583	3.183E-01
1.321E+01	1.133825	3.227E-01
1.324E+01	1.135773	3.257E-01
1.330E+01	1.139515	3.295E-01
1.334E+01	1.141428	3.325E-01
1.340E+01	1.145850	3.363E-01
1.346E+01	1.149628	3.402E-01
1.349E+01	1.151643	3.426E-01
1.355E+01	1.156338	3.466E-01
1.361E+01	1.160150	3.490E-01
1.365E+01	1.161869	3.514E-01
1.371E+01	1.165763	3.546E-01
1.374E+01	1.167947	3.571E-01
1.380E+01	1.172049	3.596E-01
1.384E+01	1.174089	3.621E-01
1.390E+01	1.178513	3.646E-01
1.396E+01	1.182458	3.680E-01
1.400E+01	1.184740	3.696E-01
1.406E+01	1.189086	3.722E-01
1.409E+01	1.191399	3.739E-01
1.416E+01	1.195603	3.757E-01
1.419E+01	1.197623	3.774E-01
1.426E+01	1.201594	3.791E-01
1.429E+01	1.203552	3.809E-01
1.435E+01	1.207465	3.826E-01
1.439E+01	1.209428	3.844E-01
1.445E+01	1.213645	3.862E-01
1.449E+01	1.215328	3.871E-01
1.455E+01	1.218762	3.898E-01
1.459E+01	1.220973	3.916E-01
1.466E+01	1.225566	3.934E-01
1.469E+01	1.227627	3.943E-01
1.476E+01	1.231631	3.961E-01
1.479E+01	1.233597	3.970E-01
1.486E+01	1.237500	3.988E-01
1.489E+01	1.239445	3.998E-01
1.496E+01	1.243348	4.016E-01
1.500E+01	1.245318	4.025E-01
1.507E+01	1.249380	4.044E-01
1.510E+01	1.251704	4.053E-01
1.514E+01	1.253631	4.053E-01
1.521E+01	1.256977	4.072E-01
1.524E+01	1.258880	4.081E-01
1.531E+01	1.263173	4.100E-01
1.535E+01	1.265082	4.100E-01
1.542E+01	1.268440	4.119E-01
1.545E+01	1.270391	4.128E-01
1.549E+01	1.272559	4.138E-01
1.556E+01	1.276473	4.148E-01
1.560E+01	1.278233	4.157E-01
1.567E+01	1.282639	4.176E-01
1.570E+01	1.284709	4.176E-01
1.574E+01	1.286576	4.186E-01
1.581E+01	1.290576	4.196E-01
1.585E+01	1.292723	4.205E-01
1.589E+01	1.294706	4.205E-01
1.596E+01	1.298872	4.225E-01
1.600E+01	1.301310	4.225E-01
1.603E+01	1.303145	4.225E-01
1.611E+01	1.306556	4.234E-01
1.614E+01	1.308540	4.244E-01
1.622E+01	1.313112	4.254E-01
1.626E+01	1.315327	4.254E-01
1.629E+01	1.317122	4.254E-01
1.637E+01	1.320901	4.264E-01
1.641E+01	1.322675	4.264E-01
1.644E+01	1.324631	4.274E-01
1.648E+01	1.326773	4.274E-01
1.656E+01	1.330870	4.283E-01
1.660E+01	1.333056	4.283E-01
1.663E+01	1.334869	4.283E-01
1.671E+01	1.338869	4.293E-01
1.675E+01	1.341074	4.293E-01
1.679E+01	1.342949	4.293E-01
1.687E+01	1.347481	4.303E-01
1.690E+01	1.349696	4.293E-01
1.694E+01	1.351233	4.293E-01
1.698E+01	1.352834	4.293E-01
1.706E+01	1.356772	4.303E-01
1.710E+01	1.359301	4.303E-01
1.714E+01	1.361083	4.293E-01
1.722E+01	1.364655	4.303E-01
1.726E+01	1.367219	4.303E-01
1.730E+01	1.369211	4.293E-01
1.734E+01	1.370751	4.293E-01
1.742E+01	1.374519	4.293E-01
1.746E+01	1.376758	4.293E-01
1.750E+01	1.378598	4.283E-01
1.754E+01	1.380029	4.283E-01
1.762E+01	1.383660	4.283E-01
1.766E+01	1.385875	4.283E-01
1.770E+01	1.387734	4.274E-01
1.774E+01	1.389417	4.274E-01
1.778E+01	1.390838	4.264E-01
1.786E+01	1.394313	4.274E-01
1.791E+01	1.396377	4.264E-01
1.795E+01	1.398169	4.264E-01
1.799E+01	1.399826	4.254E-01
1.803E+01	1.401123	4.254E-01
1.811E+01	1.404604	4.254E-01
1.816E+01	1.406786	4.254E-01
1.820E+01	1.408657	4.244E-01
1.824E+01	1.410419	4.244E-01
1.828E+01	1.412092	4.234E-01
1.837E+01	1.415276	4.234E-01
1.841E+01	1.417548	4.234E-01
1.845E+01	1.419809	4.225E-01
1.849E+01	1.421557	4.215E-01
1.854E+01	1.422820	4.205E-01
1.862E+01	1.426178	4.205E-01
1.866E+01	1.428308	4.196E-01
1.871E+01	1.429982	4.186E-01
1.875E+01	1.431240	4.176E-01
1.879E+01	1.432797	4.176E-01
1.884E+01	1.434643	4.167E-01
1.888E+01	1.435881	4.157E-01
1.897E+01	1.439563	4.157E-01
1.901E+01	1.441618	4.138E-01
1.905E+01	1.442846	4.128E-01
1.910E+01	1.444197	4.119E-01
1.914E+01	1.445486	4.110E-01
1.919E+01	1.446666	4.100E-01
1.923E+01	1.447502	4.091E-01
1.932E+01	1.450255	4.091E-01
1.936E+01	1.452188	4.081E-01
1.941E+01	1.453825	4.072E-01
1.945E+01	1.455604	4.062E-01
1.950E+01	1.456898	4.044E-01
1.954E+01	1.457713	4.035E-01
1.959E+01	1.458719	4.025E-01
1.963E+01	1.459690	4.016E-01
1.968E+01	1.460391	4.007E-01
1.977E+01	1.463349	4.007E-01
1.982E+01	1.465400	3.988E-01
1.986E+01	1.466543	3.970E-01
1.991E+01	1.467000	3.952E-01
1.995E+01	1.467249	3.943E-01
2.000E+01	1.467642	3.934E-01
2.099E+01	1.483693	3.818E-01
2.198E+01	1.499422	3.722E-01
2.301E+01	1.516402	3.629E-01
2.399E+01	1.529309	3.482E-01
2.500E+01	1.537967	3.356E-01
2.600E+01	1.544080	3.227E-01
2.698E+01	1.546670	3.103E-01
2.799E+01	1.546272	2.991E-01
2.897E+01	1.542658	2.889E-01
2.999E+01	1.535500	2.817E-01
3.097E+01	1.527225	2.791E-01
3.199E+01	1.519076	2.798E-01
3.304E+01	1.511879	2.830E-01
3.396E+01	1.505906	2.863E-01
3.499E+01	1.498932	2.916E-01
3.597E+01	1.492960	2.991E-01
3.698E+01	1.486740	3.068E-01
3.802E+01	1.481006	3.190E-01
3.899E+01	1.478232	3.317E-01
3.999E+01	1.476571	3.442E-01
4.102E+01	1.475642	3.587E-01
4.198E+01	1.477194	3.739E-01
4.295E+01	1.480747	3.880E-01
4.395E+01	1.485266	4.025E-01
4.498E+01	1.491543	4.176E-01
4.603E+01	1.499424	4.323E-01
4.699E+01	1.508821	4.465E-01
4.797E+01	1.520272	4.579E-01
4.898E+01	1.531473	4.675E-01
5.000E+01	1.542270	4.773E-01
5.200E+01	1.567492	4.975E-01
5.395E+01	1.594131	5.079E-01
5.598E+01	1.619157	5.162E-01
5.794E+01	1.643739	5.233E-01
5.998E+01	1.669053	5.258E-01
6.194E+01	1.690223	5.246E-01
6.397E+01	1.709762	5.246E-01
6.607E+01	1.729441	5.233E-01
6.808E+01	1.747333	5.209E-01
6.998E+01	1.762824	5.174E-01
7.194E+01	1.777162	5.138E-01
7.396E+01	1.790800	5.103E-01
7.603E+01	1.805539	5.079E-01
7.798E+01	1.819110	5.021E-01
7.998E+01	1.830882	4.964E-01
8.204E+01	1.842330	4.907E-01
8.395E+01	1.851943	4.839E-01
8.590E+01	1.859854	4.773E-01
8.790E+01	1.867327	4.718E-01
8.995E+01	1.874242	4.654E-01
9.204E+01	1.880545	4.600E-01
9.397E+01	1.886330	4.548E-01
9.594E+01	1.891384	4.485E-01
9.795E+01	1.895435	4.434E-01
1.000E+02	1.899131	4.383E-01
